   48.0000   75.0000
   45.0000   93.0000
   45.0000  119.0000
   51.0000  139.0000
   51.0000  156.0000
   62.0000  166.0000
   71.0000  175.0000
   89.0000  184.0000
  108.0000  182.0000
  125.0000  173.0000
  135.0000  161.0000
  143.0000  145.0000
  144.0000  132.0000
  148.0000  103.0000
  141.0000   82.0000
  132.0000   57.0000
  114.0000   45.0000
   93.0000   51.0000
   65.0000   55.0000
   53.0000   66.0000
   63.0000   84.0000
   74.0000   81.0000
  114.0000   78.0000
  134.0000   79.0000
   96.0000  126.0000
   95.0000  111.0000
   67.0000  115.0000
  120.0000  115.0000
  102.0000  105.0000
   89.0000  103.0000
   54.0000  106.0000
  141.0000  102.0000
   95.0000  141.0000
  107.0000  136.0000
   86.0000  142.0000
   66.0000  146.0000
  132.0000  144.0000
  101.0000  164.0000
   99.0000  184.0000