   48.3821   78.7689
   49.0000   96.0000
   53.0000  118.0000
   60.0000  149.0000
   63.0000  155.0000
   75.0000  163.0000
   90.0000  167.0000
   96.0000  172.0000
  111.0000  170.0000
  126.0000  161.0000
  141.0000  149.0000
  144.0000  129.0000
  152.0000  105.0000
  152.0000   96.0000
  148.0000   70.0000
  135.0000   63.0000
  108.0000   49.0000
   84.0000   46.0000
   63.0000   60.0000
   77.0000   99.0000
  125.0000   96.0000
  131.0000   75.0000
  120.0000   81.0000
   79.0000   82.0000
   68.0000   79.0000
  104.0000  126.0000
  101.0000  109.0000
  104.0000   96.0000
   78.0000  108.0000
  128.0000  106.0000
  135.0000  129.0000
   74.0000  127.0000
  101.0000  163.0000
   74.0000  144.0000
  135.0000  148.0000