   39.5424   68.0875
   41.0000   81.0000
   44.0000  109.0000
   47.0000  130.0000
   54.0000  147.0000
   58.0000  163.0000
   70.0000  176.0000
   90.0000  187.0000
  105.0000  184.0000
  123.0000  168.0000
  129.0000  158.0000
  135.0000  143.0000
  138.0000  127.0000
  143.0000   97.0000
  144.0000   66.0000
  140.0000   55.0000
  116.0000   42.0000
   90.0000   40.0000
   73.0000   42.0000
   45.0000   54.0000
   59.0000   88.0000
   72.0000   88.0000
  113.0000   87.0000
  129.0000   82.0000
   95.0000  130.0000
   95.0000  114.0000
   69.0000  117.0000
  120.0000  119.0000
  102.0000  103.0000
   84.0000  105.0000
   50.0000  105.0000
  135.0000  105.0000
   93.0000  145.0000
  104.0000  143.0000
   81.0000  142.0000
   64.0000  154.0000
  123.0000  153.0000
   93.0000  166.0000
   95.0000  185.0000