   57.0000   82.0000
   44.0000  105.0000
   50.0000  136.0000
   58.0000  165.0000
   57.0000  160.0000
   74.0000  172.0000
   84.0000  178.0000
   92.0000  181.0000
  110.0000  184.0000
  125.0000  170.0000
  140.0000  161.0000
  147.0000  141.0000
  151.0000  122.0000
  154.0000  110.0000
  146.0000   73.0000
  132.0000   69.0000
  117.0000   49.0000
   95.0000   48.0000
   60.0000   67.0000
   75.0000  100.0000
  126.0000  100.0000
  132.0000   87.0000
  122.0000   90.0000
   81.0000   88.0000
   69.0000   88.0000
  104.0000  128.0000
  104.0000  114.0000
  105.0000  102.0000
   81.0000  111.0000
  132.0000  112.0000
  135.0000  133.0000
   70.0000  126.0000
  102.0000  170.0000
   73.0000  156.0000
  135.0000  153.0000